$ANSIBLE_VAULT;1.1;AES256
34653535363734633466343933653139353566366134353863383834346534333032366138313963
3964623461623830333461656332356163656663633232370a373539653432356365346333336133
31376464396334396638326263366538396465303039376433623433393136643337343163323330
6366326666663661390a343734323963343363663736663438313539633236653963653533356235
35653836343965386130666438343266386565646534336630383436643734356165643834636131
31313833396665663863643734366137313066666131323764653039323366643233646263343666
64333934386662353834646363616366363734363938323136366161303635303363333838633065
38316464633135376432363562393864353164343939653430336434373665613135363838653166
39303430333132353165323664653738356535653135643531663935643336373239333762633635
33363162346231623338373535346332623434353361636635646666376262376230656337323466
63306666316536323238623363663639633631383562306230326561636261613032646430376162
64373933306266613564386238323362343463633438326161313836653465326466623965396632
33663937323731626430623439353336303736386333366666373963393165343464653539653464
37313462343864623864343838613033643162333439646135383964383964326235613238343533
38343265653861366364303433623365633037333033366235626564386362643932656466643335
35616438373263613665636639666237346237326333613030656566346365336439323237303065
36623461366165393138616339393866613864373531343339633632313934643730366135313566
62363734643030396631663561666166653663633431633866313161653961653565653438633332
393862366437306662323733666432376339
